7.095612156006456578e-14
1.697381731436821774e-13
3.982318677601750791e-13
9.166846767309517282e-13
2.071028343725474140e-12
4.593917416990953780e-12
1.000817722987376098e-11
2.142101091306340566e-11
4.505798847230459993e-11
9.317075582408863996e-11
1.894472035089695528e-10
3.788944070179397776e-10
7.455664138095580539e-10
1.443795277535949499e-09
2.752234747802846560e-09
5.165732911260775914e-09
9.548779017784762717e-09
1.738732895775786252e-08
3.119491371832978275e-08
5.515622425559679721e-08
9.612941941690185895e-08
1.651801291388968255e-07
2.798885521520087331e-07
4.677589501718749531e-07
7.711701610942062545e-07
1.254436795379857189e-06
2.013701171530778795e-06
3.190539518529243317e-06
4.990331041802283928e-06
7.706587178480190506e-06
1.175254544718088805e-05
1.770136474760577823e-05
2.633617681960770572e-05
3.871100689147345133e-05
5.622312905666430167e-05
8.069672641074621241e-05
1.144767514198953475e-04
1.605306169336382727e-04
2.225538098398207817e-04
3.050737618029122000e-04
4.135444326661482533e-04
5.544222064315332699e-04
7.352120563548443554e-04
9.644717298418704812e-04
1.251761181284145570e-03
1.607524885438621660e-03
2.042896208578098578e-03
2.569415849964309679e-03
3.198660547914840106e-03
3.941783705511106052e-03
4.808976120723595579e-03
5.808862244834638380e-03
6.947854841860955782e-03
8.229497968029722901e-03
9.653834154804299614e-03
1.121683587510557446e-02
1.290994317700839937e-02
1.471974829528082361e-02
1.662786381503840102e-02
1.861100353609795172e-02
2.064129483094451906e-02
2.268682855293175510e-02
2.471243824515645740e-02
2.668068553901736112e-02
2.855301434877489247e-02
3.029102391783059650e-02
3.185780101702874456e-02
3.321924550493698947e-02
3.434532162374584474e-02
3.521117006804420912e-02
3.579802290250749114e-02
3.609387433145797019e-02
3.609387433145797019e-02
3.580042819867879089e-02
3.522300193741071533e-02
3.437764989091370710e-02
3.328629592612510762e-02
3.197581183454513420e-02
3.047694565480014300e-02
2.882315790609170716e-02
2.704942511186857537e-02
2.519106766143681606e-02
2.328265344465521233e-02
2.135702045299384122e-02
1.944445145720391163e-02
1.757202279836121012e-02
1.576313809853231371e-02
1.403724706584412625e-02
1.240974015966121551e-02
1.089200215452224701e-02
9.491601877511331511e-03
8.212591695435941461e-03
7.055888639741114861e-03
6.019709189149781599e-03
5.100031396362656767e-03
4.291060899008646359e-03
3.585681025199290422e-03
2.975871327035901556e-03
2.453083120935033688e-03
2.008564703047424106e-03
1.633632625145167933e-03
1.319888611044299975e-03
1.059384279917260831e-03
8.447377918294432953e-04
6.692078610596405861e-04
5.267313487050893353e-04
4.119309265514263171e-04
3.200991913329240724e-04
2.471651983710144215e-04
1.896487685613987653e-04
1.446071860280736892e-04
1.095781161206461798e-04
8.252179115258522185e-05
6.176477620009710335e-05
4.594696766104621176e-05
3.397290942210625108e-05
2.496804186443644293e-05
1.824012639198590547e-05
1.324580607037005142e-05
9.562061186894409110e-06
6.862185087065380705e-06
4.895827956854014163e-06
3.472622155442746251e-06
2.448901173202251018e-06
1.717045650176396341e-06
1.197026110408930980e-06
8.297567356243391460e-07
5.719227217297626378e-07
3.919919778147287284e-07
2.671677167228909012e-07
1.810803413343837495e-07
1.220541527226475728e-07
8.181651995692456616e-08
5.454434663794993797e-08
3.616527331430031433e-08
2.384953159104601279e-08
1.564324115111757374e-08
1.020575091142567594e-08
6.622880910605343082e-09
4.275087148644791012e-09
2.745055958603395517e-09
1.753386528532184889e-09
1.114131023338138598e-09
7.042693515401049266e-10
4.428910355045938914e-10
2.770908017003368730e-10
1.724748867726532702e-10
1.068118588135203876e-10
6.581336755177434493e-11
4.034789367495467445e-11
